00000000000000000000000000000000000000000000000000000000000000000000000000000000
00000000000000000000000000000000000033333333333333333000000000000000000000000000
00000000333333333333000000000000000032222222222222223000000000000000000000000000
00000000322222222223000000000000000032222222222222223000000000000000000000000000
00000000322222222223000000000000000032222222222222223333333333333333333333330000
00000000322222222223000000000000000032222222222222222222222222222222222222230000
00000000322222222223000000000000000032222222222222223000000003222222222222230000
00000000322222222223000000000000000033333333323333333000000003222222222222230000
00000000333333332333000000000000000000000000320000000000000003222222222222230000
00000000000000332333333333333333300000000000320000000000000003333323333333330000
00000000000000322222222222222222300000000333323333333330000000000323000000000000
00000000000000322222222222222222333333333322222222222230000000000323000000000000
00000000000000322222222222222222222222222222222222222233333333333323000000000000
00000000000000322222222222222222333333333322222222222222222222222223000000000000
00000000000000333333333332333333300000000322222222222233333333233333000000000000
00000000033333300000000032300000000000000333333333333330000003230000000000000000
00000000032222333333333332300000000000000000000000000000000003230000000000000000
00000000032222222222222222300000000000000000000000000000000003230000000000000000
00000000032222333333333333333333333333000000000000000000000333233330000000000000
00000000032222300000032222222222222223333333333333333333333322222230000000000000
00000000033323300000032222222222222222222222222222222222222222222230000000000000
00000000000323000000032222222222222223333333333333333333333322222230000000000000
00000000000323000000032222222222222223000000000000000000000333333330000000000000
00000000000323333333333333333233333333000000000000000000000000000000000000000000
00000000000322222222222222222230000000000000000000000000000000000000000000000000
00000000000333333333333333333330000000000000000000000000000000000000000000000000
00000000000000000000000000000000000000000000000000000000000000000000000000000000
00000000000000000000000000000000000000000000000000000000000000000000000000000000
00000000000000000000000000000000000000000000000000000000000000000000000000000000
00000000000000000000000000000000000000000000000000000000000000000000000000000000